image_width: 2048
image_height: 1080
camera_name: pg_13242678
camera_matrix:
  rows: 3
  cols: 3
  data: [2699.776281556358, 0, 982.9165891034339, 0, 2687.462803559938, 533.6987503852231, 0, 0, 1]
distortion_model: plumb_bob
distortion_coefficients:
  rows: 1
  cols: 5
  data: [-0.04183850808861477, -0.06933887778028795, -0.004224860111275394, -0.002207527482713861, 0]
rectification_matrix:
  rows: 3
  cols: 3
  data: [0.9992798082780924, 0.03514824142302562, -0.01429915705793617, -0.03524683279290778, 0.999356162998946, -0.006702257387834802, 0.01405437817079153, 0.007201430475446604, 0.999875299151519]
projection_matrix:
  rows: 3
  cols: 4
  data: [2985.400431779893, 0, 1033.093818664551, -298.4622748395087, 0, 2985.400431779893, 527.797924041748, 0, 0, 0, 1, 0]