image_width: 2048
image_height: 1080
camera_name: pg_15567446
camera_matrix:
  rows: 3
  cols: 3
  data: [2654.793805309648, 0, 981.5240179997259, 0, 2640.228959245643, 525.5970005572489, 0, 0, 1]
distortion_model: plumb_bob
distortion_coefficients:
  rows: 1
  cols: 5
  data: [-0.07547985604306096, 0.1949138958407565, -0.00237539208085322, -0.001671350379820923, 0]
rectification_matrix:
  rows: 3
  cols: 3
  data: [0.9995974819201302, 0.01867969452352855, -0.02135282537376447, -0.0185307597011939, 0.9998027127650931, 0.007151677597396267, 0.02148220388673918, -0.006753114841919118, 0.9997464230274096]
projection_matrix:
  rows: 3
  cols: 4
  data: [2985.400431779893, 0, 1033.093818664551, 0, 0, 2985.400431779893, 527.797924041748, 0, 0, 0, 1, 0]